INSERT INTO employee_projects (employee_id, project_id, hours_worked) VALUES 
(25.0, 10.0, 174.7),
(92.0, 8.0, 44.5),
(90.0, 9.0, 59.4),
(50.0, 11.0, 72.2),
(64.0, 11.0, 96.4),
(52.0, 18.0, 74.1),
(32.0, 3.0, 177.1),
(19.0, 5.0, 62.9),
(84.0, 5.0, 190.7),
(89.0, 8.0, 90.1),
(1.0, 13.0, 168.6),
(97.0, 5.0, 99.4),
(99.0, 7.0, 152.3),
(14.0, 3.0, 19.9),
(100.0, 14.0, 190.9),
(55.0, 14.0, 52.6),
(29.0, 11.0, 23.0),
(23.0, 18.0, 191.9),
(90.0, 15.0, 17.6),
(67.0, 14.0, 15.9),
(60.0, 2.0, 57.0),
(7.0, 7.0, 169.5),
(72.0, 14.0, 128.1),
(32.0, 13.0, 55.3),
(16.0, 19.0, 100.0),
(59.0, 1.0, 31.7),
(18.0, 19.0, 190.1),
(60.0, 13.0, 98.4),
(86.0, 16.0, 58.7),
(68.0, 1.0, 80.1),
(72.0, 12.0, 125.1),
(77.0, 10.0, 193.1),
(41.0, 13.0, 146.5),
(97.0, 14.0, 157.8),
(57.0, 18.0, 41.1),
(79.0, 18.0, 69.1),
(93.0, 20.0, 120.0),
(65.0, 8.0, 186.5),
(55.0, 16.0, 119.4),
(71.0, 8.0, 182.5),
(58.0, 9.0, 81.3),
(21.0, 14.0, 188.9),
(96.0, 16.0, 47.7),
(61.0, 1.0, 122.5),
(58.0, 13.0, 167.8),
(34.0, 11.0, 56.1),
(97.0, 13.0, 142.5),
(32.0, 6.0, 67.3),
(82.0, 15.0, 140.0),
(36.0, 5.0, 163.1),
(99.0, 20.0, 161.3),
(100.0, 18.0, 117.5),
(67.0, 1.0, 17.8),
(63.0, 13.0, 111.2),
(81.0, 19.0, 135.7),
(31.0, 19.0, 23.1),
(36.0, 1.0, 133.0),
(57.0, 3.0, 12.4),
(10.0, 14.0, 89.8),
(92.0, 5.0, 103.1);